  0.10000000149011612       0.39093689685148647     
  0.20000000298023224       0.61783083596014476     
  0.30000000447034836       0.74229308224710899     
  0.40000000596046448       0.80634732366310002     
  0.50000000745058060       0.83808664291573765     
  0.60000000894069672       0.85576150907636950     
  0.70000001043081284       0.87072479539370384     
  0.80000001192092896       0.88954588013750857     
  0.90000001341104507       0.91552210474542084     
   1.0000000149011612       0.94975431498522100     
   1.1000000163912773       0.99190804011585632     
   1.2000000178813934        1.0407487507620077     
   1.3000000193715096        1.0945153909627370     
   1.4000000208616257        1.1511786536812703     
   1.5000000223517418        1.2086175304168003     
   1.6000000238418579        1.2647382393017457     
   1.7000000253319740        1.3175527837941934     
   1.8000000268220901        1.3652294257021620     
   1.9000000283122063        1.4061237647508333     
   2.0000000298023224        1.4387965300020291     
   2.1000000312924385        1.4620223331916609     
   2.2000000327825546        1.4747923105210283     
   2.3000000342726707        1.4763126413527847     
   2.4000000357627869        1.4660002727739416     
   2.5000000372529030        1.4434767201709100     
   2.6000000387430191        1.4085604990864224     
   2.7000000402331352        1.3612585314814651     
   2.8000000417232513        1.3017567302337851     
   2.9000000432133675        1.2304098776709700     
   3.0000000447034836        1.1477308615925950     
   3.1000000461935997        1.0543793043982919     
   3.2000000476837158       0.95114960960295303     
   3.3000000491738319       0.83895844948454423     
   3.4000000506639481       0.71883172383344418     
   3.5000000521540642       0.59189102990988662     
   3.6000000536441803       0.45933969578079903     
   3.7000000551342964       0.32244844182535159     
   3.8000000566244125       0.18254074743316154     
   3.9000000581145287        4.0978011144017973E-002
   4.0000000596046448      -0.10085539771342403     
   4.1000000610947609      -0.24156708968578222     
   4.2000000625848770      -0.37977149563292478     
   4.3000000640749931      -0.51410447995489106     
   4.4000000655651093      -0.64323760705213784     
   4.5000000670552254      -0.76589194074922073     
   4.6000000685453415      -0.88085125749723348     
   4.7000000700354576      -0.98697455697722358     
   4.8000000715255737       -1.0832077581617781     
   4.9000000730156898       -1.1685944748491019     
   5.0000000745058060       -1.2422857720473333     
   5.1000000759959221       -1.3035488132324875     
   5.2000000774860382       -1.3517743183003614     
   5.3000000789761543       -1.3864827628441621     
   5.4000000804662704       -1.4073292610739496     
   5.5000000819563866       -1.4141070871055976     
   5.6000000834465027       -1.4067498023373022     
   5.7000000849366188       -1.3853319700500699     
   5.8000000864267349       -1.3500684520634096     
   5.9000000879168510       -1.3013122960970096     
   6.0000000894069672       -1.2395512362829979     
   6.1000000908970833       -1.1654028428932626     
   6.2000000923871994       -1.0796083706474982     
   6.3000000938773155      -0.98302536781003380     
   6.4000000953674316      -0.87661912053278357     
   6.5000000968575478      -0.76145301843047331     
   6.6000000983476639      -0.63867793806333251     
   6.7000000998377800      -0.50952075074148806     
   6.8000001013278961      -0.37527206975422667     
   6.9000001028180122      -0.23727335967696978     
   7.0000001043081284       -9.6903536741869523E-002
   7.1000001057982445        4.4434805690470480E-002
   7.2000001072883606       0.18532940880229551     
   7.3000001087784767       0.32437245703028961     
   7.4000001102685928       0.46017464276364939     
   7.5000001117587090       0.59137904642979477     
   7.6000001132488251       0.71667469322591137     
   7.7000001147389412       0.83480965099558058     
   7.8000001162290573       0.94460353834285238     
   7.9000001177191734        1.0449593179756915     
   8.0000001192092896        1.1348742574181059     
   8.1000001206994057        1.2134499475542486     
   8.2000001221895218        1.2799012788854012     
   8.3000001236796379        1.3335642857980219     
   8.4000001251697540        1.3739027804540427     
   8.5000001266598701        1.4005137100103706     
   8.6000001281499863        1.4131311836323215     
   8.7000001296401024        1.4116291290580905     
   8.8000001311302185        1.3960225521655785     
   8.9000001326203346        1.3664673869521669     
   9.0000001341104507        1.3232589374229280     
   9.1000001356005669        1.2668289269525739     
   9.2000001370906830        1.1977411846006194     
   9.3000001385807991        1.1166860114787704     
   9.4000001400709152        1.0244732834583778     
   9.5000001415610313       0.92202435913214864     
   9.6000001430511475       0.81036287388204475     
   9.7000001445412636       0.69060451203514683     
   9.8000001460313797       0.56394585930002283     
   9.9000001475214958       0.43165244686580340     
   10.000000149011612       0.29504610662290659     
